264357810
120475836
138574062
837402615
061548723
021765384
647538120
265378140
256308714
061734825
065873142
583174620
561384027
718543260
527413068
613208745
064758321
684351720
536187042
316502478
648237015
462517380
428357016
157406238
418307265
428653017
571308624
127803654
570438126
370648152
067248531
543206178
685301724
620741538
675302814
813406572
372504168
360821754
164837250
180256374
625417083
820714536
247503186
654831720
653178240
724305168
135742680
567231084
067524381
460752138
346108275
275103468
076385421
024168375
174802356
027365418
385724160
762105438
518207364
573128046
736182045
260574138
167304852
853426170
458732610
143605872
672803415
537214680
615308427
023568147
630547182
810236574
842503761
672458013
258701463
136507428
263507841
850213476
510826734
025786134
087621345
245607138
083451267
134265780
381204576
273508164
082153476
163247850
615248037
047156328
346215087
120567384
758146230
520714863
417386250
237615840
681407532
538406127
846135720
081653724
260473581
640281573
214853067
817623054
874503126
548703216
460215378
257301468
753462018
527814063
315276048
546807231
053271864
014532867
412603785
041652738
513807642
370648215
524381670
186307425
410237856
825347160
612874035
758432160
547103286
074182356
152438760
543807162
027186453
584702163
680231574
065384712
863571420
867304125
418563027
057168234
618205374
356701482
251746380
174625380
635802147
367208415
837405621
235607418
831406527
026158437
418305276
380675124
046573281
715648032
367241850
230851746
375102864
425703618
382701564
560213784
027314685
167805342
470812563
138465720
638217045
158406273
261735480
451207386
378201456
013865247
584126073
860537412
675401823
042378615
540862731
164253780
845176032
834627150
240657831
281345670
135708462
532164870
620475813
276381540
580123764
238105476
386412075
480617325
423106875
675408213
641537820
842106357
827156340
058367142
380125467
152607483
087341625
741203856
215834670
137865042
317846250
418705326
531804267
460538712
384172560
345708621
653718420
384106527
461507823
614582073
057613842
271683054
174238560
086571432
624805731
071823645
082417356
024685731
032467518
465708213
048761532
371508264
517608432
875421360
812675034
143705268
170386524
281704365
780532146
374625081
280745631
145307268
780623451
327106584
265183047
176528430
524138670
023674815
534268710
063582714
613275048
053681472
120348567
136405728
730241865
642803175
786153240
243508176
651204873
753804162
150624837
076542813
781526034
385204167
467251830
074623815
863427015
043128576
386205714
473601258
561203487
836407521
013572648
047186235
172365084
842517036
250741638
780356214
312758064
186245073
847102356
041685273
827341560
872106453
843701652
073586214
285417063
170382654
032814576
372814065
651802473
815307264
315607284
410827635
136408752
183652074
728516034
362857014
574621083
517603428
154703826
168705432
084672351
314857062
514287360
285403167
176208543
478251630
182567043
036874125
283741560
068157342
530627841
752804613
624503781
531206478
432705861
835427016
061723458
235417860
062134587
635872410
123608574
761582340
148506372
431278560
218506437
380657142
261703854
081532746
053861274
167408523
875103426
735206841
240186573
314207856
430281765
836504217
042678351
372106485
732108546
376401258
378604215
270316584
483605172
354201687
063147528
827103645
172865043
458603721
821357460
123705486
734562018
645802173
260871435
578603142
520863741
027613548
841536720
157236084
634572810
410523867
048163725
631782045
612345078
215486073
256431870
152438076
675802341
725461830
718506342
520438671
675821034
683204571
013648527
357408621
637285140
031845726
362407185
174526830
327814560
780362145
812457360
384265710
670584231
630287145
328157460
648502713
461205738
836275014
024163857
083714256
824605371
460285317
260854371
085476123
812504637
512784360
376208145
016543287
813475260
258704613
085264371
684315027
857402316
750163428
146782035
273106584
260487531
432706815
167502834
428537610
470256138
316825740
670258413
621387045
354762018
382607145
473802156
672548031
036814275
678143520
251604783
428501673
271504836
841375260
810374256
035672418
065732841
054618723
436758012
130854726
431586720
820714653
768504123
360475281
610385274
713546028
450127386
873541620
610872543
240651387
723105684
263401785
371425086
540321768
247305168
038257416
856241073
618504237
847356120
683405712
416203758
218536047
187305426
075831246
580637124
027158634
815374026
743856120
530728164
027684315
385401726
143807652
816503247
075684231
246107853
813527064
072643518
158726430
418756320
150674382
037524618
718403265
023614785
620413875
720843561
850137246
310486725
765831240
418253067
182345076
874263015
273458160
865231740
520143768
640357218
351607482
312407865
356708421
270531864
358176024
014263758
814205376
386712540
756204381
810243576
478365021
356217084
541807326
140765823
138706524
273518460
248301567
564803271
517642038
847105236
430672518
158346027
371658420
814206735
684201735
562348170
086357142
873125640
230681745
012634785
726183054
250136847
068534712
650271348
827106543
710826543
651243870
824163750
872314056
412675083
417356082
430156278
028367541
426507381
073816542
685127034
682105437
365184270
453607821
045362781
273408615
836427510
632704518
085362471
850134267
863502417
678105432
234801675
680527413
674512083
014836275
850271643
385406271
042718356
357248160
756308241
034258716
536708241
715203468
026534871
780215346
321607458
527106348
715806243
467103528
276815430
814506237
032861745
236574810
036542718
130568742
268735140
746803512
374628015
142635870
043521876
831456720
265403178
536702814
318702456
260178345
084623751
056874213
218354670
217403865
574308126
167482035
458713062
687402315
763821540
654372180
163472850
261503847
315602748
480756132
520187364
275316480
467103852
651824730
367401852
853406271
028457316
480512376
127603458
561428730
127504836
283146570
176352840
031287564
563208741
817243560
645782031
043652178
426701538
162457038
420687531
238105476
215846370
613405728
156724830
463852710
624103875
873402516
754302186
528417630
764582130
134602587
246705813
326801754
156807234
160348572
517406283
254873610
825704136
378456210
753108246
078531426
780136425
065874123
247865031
524867013
835602417
681574230
523607184
512476083
243865170
476205813
853762014
265108734
712304586
450763281
160243785
437852061
687325014
312874056
176802534
357624081
845267310
750281463
416832570
380574126
540361782
045326871
053764128
185306742
738105624
431657028
831745026
674328510
178302456
025413876
052843671
134507826
145607283
765203148
561302847
082346517
763102584
130425768
152608374
854203761
567304218
048165327
861403257
531472068
582164073
154308726
180265347
286507341
127586034
871306245
675408213
835401276
154308672
713506482
724158630
437608251
510374268
586172034
217805634
378162045
253701864
682315074
481507263
532406817
578261043
072845631
037428561
470156283
126304857
738104265
017654283
251674380
072843156
264317058
863254710
280374156
063875241
174658032
512406873
470283651
784563120
056127843
782504316
683704251
025718634
764213058
287401536
652741380
687154230
768531420
675103248
054312678
465317028
512308674
257834061
541806723
487302615
418527063
450876213
864512730
248736150
061347258
046281753
035614278
728615043
150234678
421783065
142807356
261703854
167408235
047321568
627134085
642583170
278465310
280675431
632805417
325487160
175283460
035672841
273641058
065128743
726801345
158423760
014786235
013582746
136485027
081742536
046351782
462857031
243685071
714862035
568702314
583706412
645783120
480715326
263841057
024853716
360742158
247605183
487501362
856103274
843602751
738526014
341802765
365127084
614507382
260571483
180356724
271635084
764381250
647321580
061348527
784103652
641823750
430267518
610574382
314567820
617805243
013762548
374601285
410327658
274605138
782405136
086724153
584603172
240718536
367805412
480672315
631704258
240758163
420751638
534802671
145786320
037864215
320156847
568704213
417302586
043615827
864732051
065127348
152487360
710328546
314705826
531807624
081267345
682754013
167345028
436705812
738502614
761543280
810627435
230178465
064781253
658701324
475368012
657238140
730421568
840517632
038476125
576843021
760284531
685721043
681453720
036284517
240765318
841236057
470286531
634521870
370851462
247315086
761258034
783425610
365718420
536708412
860724153
870235614
835106427
451307268
235178640
271584063
851423067
054723168
260384157
684302715
523406187
067483512
687304152
043215768
456701283
378106524
074512863
025164837
510436728
364871250
180546237
342687510
610547832
738251064
648123570
713482056
781652034
458731260
653728014
423807516
510623784
037124856
136845072
457186023
170682345
857103246
023768154
850123746
413258760
075824631
568423071
654281073
631285470
120753864
085124637
723458061
523786041
236108547
430752861
042657813
250178364
465327081
618405732
264308715
810625734
360572481
650478213
836412570
157846230
856304271
437158062
328507461
240815673
482307516
825716034
647103825
143706528
250463817
056243871
582603714
270381456
654302178
078563421
742508136
643708152
324657081
831604725
871235064
078216435
078153426
876521340
087153462
186502734
357861420
837645210
130658724
670314825
763201485
780435261
250364187
781623540
850127643
063854712
765803241
670253814
351462078
042387651
163507248
768412035
780125643
132674580
234187650
543687210
436851720
083542716
534176028
016583427
642385710
412605387
316427580
273501468
720846513
724308156
134205687
148526073
015437628
284107653
236401875
780451326
163405278
538402761
012683457
684507321
025361847
380614572
523406187
064513872
841602573
580473126
170538426
643708521
630142875
543182076
014576238
328164075
246805173
014578632
648301725
013627548
534102768
437628015
024835176
627314058
580627431
036218754
327405168
314268750
560742831
037562184
673128054
084561732
617425083
062714835
410283675
364207581
730452681
864105372
042165783
210435876
612507834
723408516
051426378
