721408635
810457632
261387054
735406281
264803517
032487615
170645382
457816032
156307248
081654732
163702854
630412785
236751840
732864150
423506178
124735086
360825741
631807254
082713645
850643217
148703526
743601285
760158234
580146273
150486372
768145032
612574830
385416720
016472358
173602458
375284016
460752138
365704821
381524076
516872430
742358061
750416238
876312054
063142875
538267041
380612754
362514780
152603784
574218360
317204658
752146038
654803217
410673528
650284731
521708463
462301785
481203675
251874630
320578461
278134056
680273451
312604875
423617850
562401783
687403125
023167548
713458260
273645810
721463850
463257810
065178423
135704682
537102486
367841052
730128645
365417082
743106258
512704638
427568031
316725480
041276385
830276514
473561082
023487516
251368047
086274351
457803621
140837562
648301725
123608745
257604138
586107342
067534182
145863027
615374820
345872061
320478651
651287430
625473081
025684713
874125360
046831752
183507642
630824517
718506234
