716803452
031562748
136408752
045762831
413506287
735604218
017268534
032178645
351472860
435602187
560871234
721468053
582601437
341658027
765804321
536408721
186203754
412608375
431807265
167502834
865742031
426503718
632805417
635278140
610438257
724308156
084136257
412875036
780513624
167804253
723684150
831742650
438201756
871624530
185437062
752134680
548107623
123806475
046275381
546802137
362708145
015847623
168527430
235487061
823571640
642508173
860317524
285301467
028674513
814632570
832105674
074362815
074185362
564308172
431875260
682405731
068152437
428537610
064153782
864703251
126784530
630845217
825607413
025671438
273568140
835472610
240361587
738415062
210637485
563804217
780361425
073681425
238501674
715623840
365821074
183706254
425813076
745608132
062534817
527348160
042138675
387602154
841375026
613842570
628745130
725184630
740256831
163708452
538602471
651248730
850631472
015467382
864301725
068754123
310826574
041587632
723614580
610385742
761284350
753104826
147806523
824506731
170854362
354106872
850241763
126873054
426873015
638245017
673804152
876205143
271503648
138246057
760842315
472506138
520761438
570812436
578106342
571208364
140563827
762408135
675804123
261574083
570283614
387102645
685703124
517803462
570241386
568704213
576432180
051634827
457638012
230578641
058462713
810275346
243608157
132764850
527306184
352471680
576831024
526708431
871453062
560471328
032654781
312678540
813627045
761853240
750364812
563802471
062875431
071423586
471683025
521608374
526873041
721804365
274653081
376214850
165304782
063217548
017438562
710538246
120735846
537861240
428176053
517684320
860312547
326801547
170835246
063548712
820456173
312487056
046538271
528701436
018376254
540678132
418765023
732156480
674302851
061738245
073865421
672351840
043175682
861702435
085342176
853714620
830645127
573806421
564708312
378216045
368205417
745281063
057638421
657402813
256307418
432701568
462731085
731806452
562301874
738604125
683704125
142536078
652701834
510684723
043782165
286701453
821706345
145702683
170542863
214673850
054617832
140758236
016248537
687304215
530261847
624158370
561803472
082347615
210578346
721486035
846702351
352801647
530872164
640721583
120738564
078635214
637418025
371842650
086312754
736108524
824675031
135872064
582317064
062718534
720846135
378214560
037564812
564203817
836401572
725861340
365407812
850741623
837241650
712854036
458706321
042615873
846207531
850376214
820314675
043685217
370864152
037582461
124308657
128605374
482703615
876403251
145307826
127834650
768203541
734502816
672381045
462173085
362754180
053761824
123706458
026871435
254607318
846325710
481576032
014783562
042853761
486172053
276185340
026814735
532708146
581603427
061348527
547213860
380564217
623407851
524601378
082314675
031728456
318542076
680741523
457302168
083174526
478206513
412378056
816352740
614573082
031584672
238601475
764285310
142356870
856201437
123504678
543862710
172486350
850324167
327601548
365704218
028375416
743508621
758401326
156807234
783564210
750612843
540736128
560231487
438162750
310867524
410283756
186734052
852706134
621753048
086425173
467108325
712834065
685274013
530482671
516437028
648205731
423768051
561407832
043721586
361704852
067254183
210374865
156803724
364205871
320156784
278605431
463205817
147638520
580236417
683502147
427863510
426705831
085427316
820153647
012367485
130652748
430861257
643812750
468105732
257413086
762503841
073845612
830157642
510863724
683417025
125706483
487321560
463851027
582317064
314276085
018672543
187536024
031274568
387405261
012584367
728103654
425108367
081752634
871502643
578634210
862435017
183426570
640275318
827406315
651738240
425708163
386571420
024618735
540723168
817253064
856374021
428605317
234507861
857403126
583704162
310527486
670184253
470836521
056314278
578463210
342705681
078251364
271463058
742301568
072583614
375806124
463201875
048516273
521847630
137248560
610357842
765124830
274568310
482356017
271438056
012753648
430217865
783605241
240751368
253814670
185723046
430862751
156204783
481372056
784613520
630471285
056437812
426175083
053678124
038652417
654307821
841507362
372501486
617384520
437528610
814205376
471802536
082614735
312457680
021837564
056783421
427301685
835402716
473805216
510387264
856724310
214685730
120356487
317402685
156723048
342876510
127356084
423701865
754602381
310652478
510236847
037654182
651247380
645718032
856213740
785402163
783206415
846521730
625481073
063174582
140678352
354802617
782306451
163284750
371568024
453706128
042316875
072645813
062483571
721346850
035462871
216407358
216307485
817602543
350812764
384172056
823476150
824671053
280365471
652104837
058416237
314658720
562104387
783405621
780351624
584231067
170836254
682517034
031482756
174568230
182506743
560728314
365721480
638207415
064173852
263801475
538647210
034856712
856273410
516834270
371658420
274608153
478302165
564218730
532108476
438125760
647352018
814702356
384502167
670485132
