453687012
045286371
258164730
517204368
435108627
523681047
843751062
468523017
436718250
035872461
051873264
025346781
478251630
630271584
025167384
064175823
352706148
741803526
365187420
650317482
054163728
368207145
785203164
746203581
041568327
732508416
562801347
286437051
284307156
783501462
267584130
165872043
870236541
138267540
536107248
342708615
587321064
275831064
241305867
723805164
261807543
127803546
481265073
584361027
640781532
018542367
624573018
873406215
630241857
526348071
372165048
710483625
016457283
872156430
831265074
260385741
821536470
850463712
714508623
541703268
657408231
138504726
047381526
176582340
257408361
735162480
564387210
815706423
532614078
026487531
350487621
186704253
842517360
574306218
851306274
517608432
140875623
536718420
140863725
674581023
167405283
716385420
054638271
871506234
185702634
035816742
753461082
780631524
078146235
427105836
613207854
846501372
431786250
458671230
870561234
635287041
514723680
765302184
730846152
540762381
567823410
217406853
086147235
178534260
276104835
370821564
736214058
280671345
453107862
240563187
357124068
325168740
386215740
072514368
023456781
641285073
847106253
380146572
012647538
287601543
740615238
153708264
245718063
013528647
810364752
680724135
451307268
230817546
381604752
568371420
270145638
510648732
581602347
540872361
158602347
368471052
720836154
813526470
086725413
652437810
576381420
075346218
426871053
345172086
841607325
716438025
836507124
483602715
863107245
180657324
847201653
463705218
231465780
342718650
286731540
621784350
074651328
267508413
456713028
312546780
620158734
835407126
483605217
720831564
834125670
240157638
018467325
728603145
027381564
360472518
061234578
185674230
653401827
465321780
286503471
145807362
170683425
638702514
248371065
275368041
071824365
461302587
387516042
317806524
578263014
640175238
147265038
731805264
165247038
247503861
526407831
063814725
052413678
034612578
761852043
856301724
461507823
658401372
870341562
247805361
480713256
487263150
124573860
047253618
342756081
510473286
175842063
374605182
874263150
724861053
476815320
027846153
548267130
812576043
581627034
453702186
357618042
168705243
360715428
740526138
562103784
371804526
870136524
315426780
130524867
512607384
037216485
238175046
017463825
641782530
036127485
750813264
723106485
815407623
784201536
561308274
241865073
680531247
245173068
452713086
817523046
416802537
471306582
687302145
628473150
721364058
642538071
358417062
160825347
472358160
240378516
312784650
146782350
480523176
536412780
583702461
026348175
071248536
847621530
428703651
073548216
042576381
410532768
365874210
158627034
730865421
214675038
068534271
685142037
012348567
745301628
732108546
617804352
871405236
064872315
017483526
486752013
437102685
247386015
732506814
310728564
430721658
781453260
153702684
675301842
285706413
013657284
645178023
481325760
021786435
760143852
360841257
128403765
438201756
832506741
840527136
748263150
125347068
084132567
380475621
350476218
610528473
812605437
720341568
043681275
748213056
641208573
825416730
012876543
470152638
820746153
042658173
036417528
057234618
654837021
740263185
370516284
534807261
143278560
675203184
187365240
732401658
621483750
761438052
816245037
483501672
328106547
864512730
054163728
075236184
027683514
385142076
570461238
081254763
875241630
527318640
814206735
423756810
683102457
237416850
612705384
780235416
480675321
627104358
681307452
410675823
140375268
251608473
326418057
015432687
680724351
154726380
467238015
583612047
230587146
730652184
560834712
012657348
610835472
756104832
683427510
628573410
143807265
846507321
048563127
768301542
031426587
016472583
526731840
130258674
254836710
261803745
351607248
362501478
045713826
236104857
412705683
754128360
068537214
064138527
473102865
746203815
518643270
748362510
640528137
028167453
326708541
267841350
653102784
520847613
643512087
016452873
324507816
834215760
573216048
312864750
157203846
371602485
375814260
736102485
670581432
670458312
670214853
643825071
360142857
820371645
410837652
860273415
275614380
041786325
876245013
418753026
452317068
834706152
016847253
735208614
582643017
762501348
764132580
675142830
736524180
526148037
140562873
510284367
458601732
170562834
351672480
610823754
310526478
025461873
052187643
156702483
682701354
481257063
541237860
168704235
285604371
235607841
873162540
613708542
620175483
038764512
350741682
720658413
310852674
870246135
475261083
458106372
250374168
580217364
540712836
845602371
873124560
761352840
073148526
856243170
748502631
860174325
563841720
026415873
186325074
583427016
378104562
548163270
531804726
527108364
283705416
012643758
516803274
085127436
045178263
412508367
260783154
534862170
487601532
715408263
647803152
210643857
741805623
650418237
823105647
270163845
875261340
370825614
085643172
765184320
732185046
513206487
238104756
870321654
641805732
085461723
250147368
137605842
570842163
286345710
635148270
238106457
851204376
281506347
647503812
120865743
648703251
841506327
560827341
724385061
074583162
740865231
741308562
120873456
685402137
148203756
081723654
162403578
382407561
425701836
085316247
721468530
786103425
430581672
148267035
028675431
075621483
185304267
456723810
150267348
083675142
420357186
852704316
831705246
415736082
145723068
375604128
640217583
165807432
674802531
423678150
076218534
823401765
217405836
541628370
642507381
321704586
248715036
125406738
052364781
238107465
283405617
378612054
365401782
584371620
547103862
430562718
413285067
072435168
531728460
648137520
710365284
740128365
547203168
025831647
140532678
573162048
745823610
248501763
460827531
813267540
532864071
025487361
510276348
350681742
740158263
137865042
861435072
027186345
254807361
178402365
486103275
548173620
678305214
047382156
310274568
670348251
634801725
640123758
176824053
461857023
138605472
834127056
783241650
417382560
215608437
412605387
754162380
532607148
052678314
587604321
841753260
753124860
420715836
082137645
840623751
036785124
746502138
124806735
675401382
165824073
618725430
645207318
035647821
014765823
485206371
042178653
468307125
037256418
238571064
056317842
365708124
574803621
284706315
560783421
142756038
630458217
462853170
268507143
476805123
758143062
362158740
574206813
084625713
238657041
360514872
617305842
365201487
710836452
613704852
057136842
062743581
286307514
460781352
158763042
024856317
061873524
580216473
425706381
620713548
318604725
172468053
537802461
386247510
625847013
420176358
420836175
346508172
721365084
763105824
715426083
650823417
476502183
453102876
054723681
184503267
154782360
625718430
452308671
324561870
084753621
318507264
068321547
063128547
124507863
150372846
680341257
387402165
786104523
364258071
018352746
410236875
620175483
387506124
840765213
640253871
236417058
064578123
315782640
742605813
832174560
570812364
756421830
582403176
562307418
376504218
612457083
074368251
726804135
473862510
074518362
724503861
278304156
741206358
234615780
043658271
068473152
260587341
836471520
173406258
145602387
243605817
034182765
538607412
058163742
853172064
184267530
716584320
270614583
160574832
213708645
175803624
742108635
832671054
432851067
237405861
365701842
614723850
560123874
673402815
023158647
376401825
284673510
254607318
872501346
713506824
064253718
560732148
682501734
640731852
185407326
263104758
021487635
650731824
234107568
214568073
061283574
761403852
134578026
261354087
054182367
657308421
065241738
523786410
537481260
053748126
453276081
630281547
562317048
056243718
726504183
287401365
267134058
182475036
743561280
617328540
684502173
583702146
143705826
824617350
250871463
285763410
863574021
215306748
835617024
748561320
138574062
874106523
156807234
634105872
146305782
213648570
015362874
874106235
126503847
186752340
023475816
170382465
046325178
723805416
753146082
274806513
524306781
870523146
132407568
270356814
573614028
721504863
460123785
871235640
832407516
073824561
782106354
432718056
450162387
145628073
026413578
738501426
218643750
510342876
058642731
613748520
613507284
127605834
280135764
136408752
871203564
721806543
546183720
027153486
483516072
560734821
241307685
586237041
583264710
857302146
430861725
458317026
254601387
718643520
632817054
758104236
380274516
634578120
742508361
751302684
658703421
147538026
423805617
653701284
254763081
623581740
135207684
610723458
748635021
071286453
612538047
817603524
216408753
054278316
837641052
712345086
563807241
816273054
654203718
342608517
742103865
124308765
264705318
534206718
420587361
863152740
485367021
453186720
065183742
762435081
072863451
620315748
641872035
064817532
285746310
468172035
678142350
052416738
318205764
416708253
632501874
245801736
270658143
480156237
236815740
680521374
563712048
731208564
083615724
483265170
576402381
320854716
738624015
274501638
561308274
046521837
560781432
150823764
562174830
687254310
574268130
687341052
376108425
473605812
467183250
241607358
738104526
356148270
346205178
517482036
463781250
372604851
678215043
120378654
673102854
082617345
830154762
821605734
087456213
463275018
082156374
258307461
154706328
387502146
523608471
630471528
862417035
517604238
623158074
150746382
435708612
147208356
325487160
357402618
035742861
158207346
026385417
315208746
764825013
578206431
075432861
246308751
541367820
046812753
438106527
023148567
514872360
218763045
074521368
271306485
421836057
125478036
074312856
025346178
623701548
346805271
851432076
051432867
317458620
073124865
312706584
581624730
037654182
516874032
046532817
675801432
427851630
674852130
234806157
847102356
271865340
251408637
854721360
048316257
760435218
537201846
681354027
756438120
130275846
824763051
416705238
451602873
053162874
037651284
367104258
284103675
483701562
362485710
058146273
640352781
870243561
875204163
283405617
076428153
124507863
817602543
120387456
087625143
827146053
178403256
071625438
821603457
532601847
380421567
156834720
123608574
342501687
750364281
254807136
527608134
740352861
684703215
763815240
382764150
413867520
728461035
346102785
517846320
368715024
812406753
051836742
378106524
615784032
058716432
074135268
287435061
764823051
387456012
380752146
256807143
085164273
743281560
864503721
580137264
681275430
035718264
861503274
182576034
730485216
543806271
416387520
726305418
257468031
541608327
780215346
163425870
016327845
325406178
783561420
287106345
073461258
157826340
374206518
754613280
260541873
143205786
246158370
534276810
534268071
834176052
684517230
210538647
384702561
685317024
354106728
745602831
734865012
840135276
270143685
842506713
580216734
346718052
235401786
681542730
053174628
016427538
246135870
320758164
461805723
062587431
510236847
641835720
145802763
682714350
610785432
132786045
724185036
167208345
125408637
280471563
461583270
053487261
384605127
530467218
084712356
520716348
348206517
475382016
510847632
520843167
571803264
543172068
237514860
361275480
751264380
713605842
263508147
761504328
632805741
240351786
471263085
624103587
718524360
381702654
380715462
324768015
078423561
162354078
174835260
738105624
783104625
620418735
284605173
745621083
586304217
375416280
826501473
153206478
258461037
867201435
415628037
612308547
826345170
352408176
741653028
537106842
428571630
520713846
562837410
037851462
718406532
358176024
570641832
870546123
762531084
031546287
432705861
538247160
428365017
538207146
731208456
530628714
024765318
610584273
652108347
184302567
028561734
324506718
870452163
456702813
842673510
256401378
072846513
817406523
756204381
214305687
813704256
625438710
861457320
042183576
130486275
483257160
830657241
482706135
216407835
765142038
148205637
147503268
084526317
876435120
750486213
172586430
027145386
714302856
435208167
364281750
862107435
018375246
158623047
068175243
874203516
732158064
837612054
281756034
784213065
625704183
532708461
278451360
514603278
275104386
713685240
087514236
874326015
643801275
725386041
826174053
538641072
086415372
270136485
531607842
781406352
860571324
417602385
263415780
240367851
820157346
417206583
763524810
217436058
573601842
451732086
651732480
678254130
824136057
634205781
426531087
315407268
578206143
342716580
172803456
023564781
847631250
731504826
756324810
613804725
023184576
621408375
860215347
873615024
120645837
315706824
742853160
680347521
531642780
470123586
652738041
487563021
560183724
680573412
426803175
037812654
543806127
026387145
748502163
168473025
724138056
421683057
638542071
260357418
687412035
367501482
072435168
517408623
165748320
831504762
078215634
821537640
756102843
137408256
835462017
864317250
412507638
076318254
084165723
537208641
046357812
016523847
072653814
065812374
283504716
016437825
387401625
726408315
683507124
876105234
654738012
863425071
765248310
168703254
013864527
051746328
564701283
258304716
082634751
524876310
018762534
826475013
185306427
067814523
587463012
835102647
682375041
736501248
816305274
128573640
051374682
763502481
740215683
164307582
541806723
023574618
271508634
528314067
264378510
736125048
253604871
541803762
783104562
387412056
178546023
376512840
287453160
632517048
028413567
654738012
367504128
570164283
578203641
261875430
652873410
745126038
687253014
685172430
725641038
825463710
184725360
457286310
640378521
370826415
586203741
018746253
543628710
037614852
021637854
034581627
651807432
612358740
537628041
017863524
825316047
415203678
675841230
283104657
018653427
356471820
035487162
057432681
642187053
748536120
086347512
524863071
851706432
035461827
538764021
547103628
374801256
248605713
784612035
710864352
158604723
471836250
840762153
843571260
025341876
248501763
586201734
752468013
570186324
627803451
837641520
425371680
180734562
582761430
182604753
346205178
841607253
851206347
760523814
583406172
416805273
758304126
564301827
470253618
018365274
148675023
054172386
742803615
057128643
615703842
423805761
528703614
712548360
721658043
156378024
312785046
740183265
641803572
087256314
350418627
672405381
357208461
856734012
657182043
740218563
362408157
364705812
130842675
140326587
562103784
734856210
372605814
048125637
240571863
378462051
426801573
160748235
378604152
853102746
735862014
586701243
425763810
456871032
783506421
358601724
314256780
437681250
026438157
157438062
156704238
468375120
047285613
721563480
083721645
671305248
283704615
041263857
654308271
230684751
536178024
145803267
813405762
812473560
135824067
781305246
368502147
132765048
480235761
263501487
632405187
370152846
375812064
764801253
870426315
032485716
231708654
825104763
063754218
780326415
362805471
036471825
128463750
816732054
186345027
820435176
510236478
263504178
517308642
468357210
051246873
684317520
685234710
031526478
132806745
614372850
132405867
873602154
840513627
075684123
826107534
832507461
185347026
514708263
716802543
562348170
782304561
341785026
786524310
182347065
246178053
486573012
814602537
482106375
248103576
862507134
023418765
124853076
345621780
345106782
361285074
042813567
061832745
073612854
870462135
761524038
014372658
258763014
587314620
842361750
387612045
263417085
836214750
748106235
627801354
654782130
745316280
318204675
816207543
318705246
520741368
053672481
027156438
430186725
542781630
046578213
351704826
276103548
016532487
316728054
254708631
657102348
140278365
748106235
658702413
672815340
860735421
836102574
350218467
164302857
328104576
125864037
386501247
342851760
521364087
134207865
042618753
034218765
230857641
520673418
028134675
481367520
768452013
320456871
045361728
418235760
463708512
158604372
637845012
128536074
028456371
576403821
523704618
351687042
435607128
873524610
583207641
176382450
023461785
520638417
158703462
472135068
450176238
368507412
240875316
385107426
478102635
351207468
134705286
157406382
341608725
823175046
218753064
821403675
642503187
271465830
374286150
324865017
170382465
275143086
072683541
281504376
051248376
061475832
065874312
812403657
432506718
028413567
251386074
542167830
673405218
054678132
824175630
357206841
075381426
360472185
530874126
271604385
613805427
054268137
273805614
245761083
017452368
153204687
873451260
870135642
042168357
837216450
587603412
840261537
364725180
321708456
724531086
652137048
257861340
150327486
431268075
047831625
058346721
643107285
857412036
621507843
247605183
234608517
485761023
865341720
732106458
187605324
876104325
357468120
385204167
264157038
510437826
510647823
470532618
726358041
628301754
210378564
376501284
561402873
756403812
641827530
430617852
158674032
243607518
768253014
143605728
453207168
543671280
023781465
612507483
027513684
075861342
673104258
647213580
026734815
861754230
216754083
857603142
241708635
687204135
075846231
045328761
135207468
562104873
327185046
861407235
540637182
728601354
850367241
283754160
314608527
045316827
174203685
065184372
435702681
451702683
472605831
210738465
178506324
342708561
825401673
470618235
045831267
510873642
234785061
425876013
812734560
035726418
187625340
714502638
371248056
473802615
347805621
078251436
137682045
485726130
078612534
285704316
725104683
865104732
172308465
365701428
520836147
563278140
870342651
312784650
562701843
726458013
038271564
874125360
051472368
013462875
036542187
865402317
625301874
642507381
234608751
078346512
354216087
145387062
145687230
351702648
531204768
073241865
082346751
073514862
782403651
064583271
418725036
026847351
714358620
247308561
835104726
658437120
041675823
871465032
821634570
826703145
186725430
627104835
286105734
871203645
218763450
874503261
520876341
058143267
342106875
134675280
345721860
374206518
164837250
452706183
735804612
341502786
134258760
510783246
147206538
432506718
817246035
672301485
572348061
463781250
182754360
653427180
540728613
823471560
726803154
562301748
418207635
852603741
384602517
275641830
068412375
836214750
035781624
273805461
210864753
841203576
327504861
087423516
820657314
317605824
062854173
264705831
718305264
320715864
615724830
573246081
673204185
085462731
610382475
531468072
751632084
730462851
827506134
217406853
230654187
627458031
276805341
240735168
870615342
450326871
235874610
358427016
518426073
385407621
480625317
732541860
460185372
231805467
723406581
635187240
562108437
328706514
425701368
562481073
457612380
465127380
165723084
026754831
420361578
452731068
574182036
853104276
132568470
378451062
023154678
726513084
256873140
617348250
786532041
752806314
085371624
760438251
058136247
074368512
617534820
283605147
528617034
125386074
061285347
437102685
638705412
760341258
231687450
487603152
618423075
824706351
310287456
625307418
856124073
647803521
025841367
210476358
654307821
754306281
631208475
561407328
356874012
768534210
240378516
183406527
176305428
865102743
280547361
465812073
648132075
830672154
648301572
532481670
417562380
135264087
381605247
345106278
842357160
630745128
136507284
056123748
078516423
186403257
865271043
084325617
318604572
867412530
876201453
521607348
583617240
036127854
046713285
825403761
765801342
458706213
468307125
046371285
574302816
231564087
635807124
427801365
037516284
521804637
187246530
250841673
176802453
726805143
537802146
681705432
281405673
086312754
074612583
516738024
620487135
734205618
461527830
374821065
837605412
672508413
524306781
634705821
512704863
786402513
042136578
046218735
837165240
817403256
467302851
718605324
750628143
410257863
847203615
160875432
635482071
481753620
243506718
384201567
372405186
310764528
738106425
072316548
864705321
571304826
063185724
368714052
480152736
840271563
538706421
735248160
643218057
531427860
615342870
485361720
734568210
547186032
062475138
418207635
472601385
142368057
582604173
043218756
032675148
072856431
524608173
837102654
286701345
740265381
380675124
764102538
158246730
523678041
278354016
458132076
028314657
217805634
452136780
158207634
027634851
081536247
210847653
837412065
486507312
483605217
653704821
238467510
850147263
845603217
036184572
564378120
516208437
078143256
758204316
057634128
058473261
368175420
467235081
016543287
461875320
532607814
538716024
520168437
457108623
670842135
073281564
625831740
765102834
813452076
340162587
168543270
125704638
763481052
483721065
863125047
072145368
610543782
314758026
284735016
582704361
526413087
610483527
523841067
276408135
426387150
718462530
742836150
651802734
875406312
583672140
042758613
624805317
587604321
681407253
620475381
175423860
854321670
830261745
716853420
637108425
410876523
643215078
316504728
147268530
845361270
034572861
035847261
351864720
374618520
135406782
765812034
471325068
278416350
650317824
581403726
034621758
360154782
835406721
384152670
710364582
167385042
235806417
730162458
351602784
216357840
613507842
137806254
824563017
127835460
156704238
083652471
756204381
526473018
267435018
546702318
043178625
580217436
068254137
534761028
762485130
423506781
087342165
450286137
540382176
351706428
867143520
348125670
863205147
087163542
638705241
051327468
173204865
586203417
640723518
026541387
016473852
381762045
368572410
581307642
815264037
328501764
062473851
026841753
175608432
786152430
510386472
836452071
728603451
314502687
683571024
680517243
820647135
721805463
356478021
051843762
163502478
257104836
658701243
820713564
075864321
275604318
186507324
250864731
530267814
867152430
365428071
718632054
053674821
764285310
784603251
513624780
682174053
074568321
742306815
674132850
153208674
358706124
753628041
781254036
783521640
417605328
768504312
315806427
530824167
718605243
534761280
674502381
027614583
087421635
562384071
540173682
541832760
073218465
760345812
670534218
420538617
456102783
563184072
385102467
516872043
548672013
437206851
625318740
156328470
830265147
753128064
215403768
127305684
321708564
487502163
120486357
215708346
821507463
362571048
543782610
543186027
871625034
041765832
460172853
658203741
735408216
835417062
715302864
064582173
127304586
042637518
716802543
625804371
251634087
261538470
527804361
481635072
637152480
785402316
532147860
746103852
710386425
283507146
356418720
486507231
517403268
415782036
680327145
458312670
431856270
541823067
140563782
786453120
245301876
561784032
163805472
710645283
032615478
810463725
012547683
571826034
280735614
048625317
548726013
637251840
352841670
568702431
836752140
261305874
236415870
418352760
086417253
815437026
326801547
813462057
145836720
254381076
176534082
745218036
624807513
740812653
582704136
710834625
351806247
076145238
274368150
021834576
342805761
120854763
643128075
618704532
162703845
451632078
526803147
417328650
856314072
084251736
738465021
180756234
865301274
638501247
486501327
721406538
017356284
124706385
512387046
854102376
741263580
472815630
731865024
678153024
513648072
416203587
362451078
753602841
057381624
218456370
435612078
531627480
357401682
421537086
254307816
082761345
671304285
260853417
753846021
125743860
531648027
821405763
268357140
542308176
572438016
624581037
064253718
172305486
357612840
085241637
850724613
420153867
462517380
610283574
270138456
853614270
345682071
517408236
826405731
136507428
785234160
470632158
534807261
367182450
325406781
361458720
861705342
286507413
362845170
832651047
834517026
845206317
658201734
250387416
180423576
471305862
684307125
358726140
258307146
046283157
865213047
361428570
046357128
752846013
036125847
584706321
021843675
312506874
645382170
175624083
817403562
310854627
076142583
537604128
748523016
538614027
546812730
431802756
145627038
468273015
517468032
256807143
853601427
376201485
168402357
581206743
025863714
035846172
048651732
452107836
643875012
482637510
548602731
235704186
613752480
821704635
538702164
241306758
214368057
420316587
720315684
024138657
182305746
410756382
158402763
845732061
812764350
031627845
385416720
438175062
472831065
473528160
743106258
140628375
184503726
312746085
213705468
450378162
453607821
714653820
082346175
875316240
135206748
376852014
157348026
027356481
742651380
186307425
410268537
620754381
518743620
170365824
650482371
063517284
846705231
084572163
276504138
542701836
324706158
742853016
063172485
582146037
834651072
286305741
472165083
786142350
052836714
251473068
381405762
732481056
180573642
167208345
850347216
063471528
728301456
785216340
354107682
642503187
530624781
842503761
230816745
761524038
631708524
481602375
634271850
543802176
014725836
652704813
350786214
820153764
364157082
327645081
056783142
326107854
420583716
286105347
815307264
372106548
324705186
364512087
068341572
842763015
063287514
750483612
615423087
720345186
530421867
760581234
658203741
625108374
234851076
017825364
523607418
145308276
620483715
860231547
650817423
314602857
463785120
235806174
264318075
387501642
214603587
824601357
634107258
074182635
314578620
820356147
381207456
176285043
412358670
064581237
275341068
678104352
087463521
084561273
357802164
620315748
462507318
320681754
854706312
015273864
480623571
721468530
457382610
560412378
038124765
035728461
182603457
860753412
064238571
176384520
314502768
847153062
234807165
376815024
683715240
743652018
742153068
140835672
384572061
120467835
841603275
017546832
710465823
234105786
342687510
027816543
748563021
578216034
760135842
417562038
017853426
758316240
153782064
460783512
680547123
648105372
023148756
540321876
450378621
560278413
365708241
654278130
053127486
218473650
158726043
541207836
067325814
632187045
034816572
815704632
168503724
417805362
851706432
254681370
240867531
528746031
125687034
021854736
432806175
514708263
584637021
086341527
683574012
850763421
460857321
612874035
870156423
716435820
025487613
523841067
061245837
241856370
148753062
728501634
576843021
160837524
634502871
234681750
680124537
210745836
620748513
250861743
435201768
786354210
620754381
146307852
026518734
042583167
038624175
485307261
238501467
023651784
586402317
461307852
380651472
624305718
516738240
163405827
854107362
628153047
236508174
874203651
572601834
385617042
475106238
053241687
830461275
783206154
572368140
458762013
185734260
164302578
237561840
658247130
348105762
154627083
378102546
371854062
215408367
470265183
256483170
342157086
461803752
875264130
314268075
085164732
648701523
625701843
056284713
831765420
187325046
253408716
415738260
812634075
784531062
478205631
137508264
670128534
470856123
046518237
683725410
145802376
231687450
835726014
064758132
173852640
720416583
835704162
857104263
758402136
417582063
365108427
418602573
573801462
016354728
428705613
620748135
172365840
840325617
271506384
381207456
381607542
758246310
586204371
841203765
651802347
214753860
253401687
480715326
648105237
861435720
260471385
732861054
013274586
637824015
456327180
017238546
032784165
348671250
731208645
327165840
567308124
630857421
824706135
035417268
056278134
862304715
472806315
038657214
134526078
371205648
086473125
841706523
648305712
031486572
764301852
340561872
178562043
724603158
564278031
068315472
410867532
085243167
136287450
573402618
645872013
563724180
418276350
218347650
074381256
481735260
812305647
671854023
451302867
416703285
356102874
328764510
384217560
618573240
130624587
486723015
573108264
721536840
280716453
571806243
136425078
745813026
527368041
731845620
061287435
470531682
540281376
785134062
570438261
847503621
457106283
135204678
172804536
457821036
548236017
328405761
730684521
370815264
564208713
516872430
324107586
862147530
657123480
810657423
280431657
183627054
613804725
074165832
810723654
024167583
035647218
142673085
025863147
645283710
580126743
786243150
438217056
015286347
754302861
028645371
530148276
315784260
031845726
376524810
615304287
032746518
468352017
625408317
034176258
173285064
435682017
086721435
275148630
731605824
821603574
071564328
846201573
472835016
674203581
720541386
021463587
427851630
746103528
870143652
572603841
537286410
527803164
164803572
560824317
342751680
230871564
126405783
018634527
230816574
162783054
721405836
480251376
642173058
456703182
710682354
081762435
160584723
870325164
241358670
382705461
514638027
568142037
417632580
127308645
841567320
253601847
546302781
028743156
610837542
013874562
846352170
238641570
126574830
714528063
513847062
350247681
871354260
453706281
176502438
740851362
056327814
054183627
820635471
357604218
176358042
084315672
871235640
053768142
043286517
437182065
857301426
837452160
673541028
216508473
351602478
382705461
163745820
286347150
732145068
180352467
364708215
045267813
081574632
428607513
036857412
237108564
512476830
482706351
018432567
674258031
816307452
614307852
465108237
574832016
217805346
253418076
630241857
618374025
461753280
420835167
134705286
614873250
045178632
764805231
215706384
716453028
618437025
280735614
185637240
538746120
587143062
375241086
136724058
065134827
140723658
685142370
128453670
520863174
824307651
268157043
157864032
423701865
587206341
850132476
426531087
047386512
082437165
016235478
782436051
062587431
615307824
620831475
634815720
723108645
135702648
410863527
370542168
584701236
716805423
041532687
163527840
842716350
215387640
810524736
635841072
450386217
152806473
214365078
520837164
865147032
160782435
217864035
415862037
082571634
175602348
473562018
725406318
786214350
057681342
734105826
786201354
184603527
874201635
526803714
824705316
053247186
086572134
540263178
245803761
136507428
073145628
841605372
863572014
725804316
365248170
824501637
756803142
654107328
028673154
538462710
374158062
314725860
158742063
412368750
136207548
376842051
654273810
187602534
183406527
237105468
634208715
470162583
461802357
471503682
872356140
248517630
354701628
318467520
753486012
067215834
721635480
467803125
732604815
768253140
025748361
376415820
451673028
240761385
063485712
023187564
435607128
270416385
412876053
768425031
724305681
634851270
173845620
056431827
856302741
453861072
783516024
035628417
482607315
460285173
671382054
480516327
035162478
450216873
871623450
560241378
462501873
462385170
168743052
856143720
361728045
073526184
230685471
348605217
816547320
372504168
526738410
510423768
136524087
163452078
185204637
347205861
360541278
721854063
176823450
083745621
520761438
267304815
460371852
485602317
345218670
218754036
052843167
871246053
680571234
412507638
534617028
853261074
048257613
721853046
816574023
648302175
587124063
810273645
213674058
281605374
041683257
476132580
387204615
640351728
356827140
421756380
584632017
384502671
350721648
750381642
568134270
015627384
642738015
038752614
065341782
580743162
671453028
357412068
184502763
217453680
520678314
867302415
341856072
360587214
650172843
528761034
825306741
352148760
013258674
430586712
865407321
716543820
514203876
465183072
186543072
314502876
561328470
086753412
178306254
058462713
836107542
352816047
720316485
365201874
247835016
035476218
450836271
520847136
328106475
748106352
013527846
285437016
371405826
516408732
537408612
572148360
826745031
043258176
172683450
648705213
754216038
348157062
028537164
418362570
670152348
281307465
417305682
064357821
025341687
643502817
012568473
087524316
130274586
174562038
672451380
536402718
560381274
012856473
285647013
783104256
153267084
630514278
281706543
285601734
581432067
176804235
120456837
026341578
846102375
274106538
720846351
560123748
072614853
470652183
563872041
081257364
375286410
168207354
274638051
054126873
824705163
132508467
716502348
742536810
132705846
146723850
754806132
781604253
438725061
256374018
657341028
743806152
827403516
027658314
820713456
624107385
584176032
046587312
230851674
810352764
025487136
273145680
760284531
382451067
075481362
024186357
168437520
864275013
537408261
357286140
742638510
570631482
274106538
648732051
762183045
034871562
841257036
834217650
372485016
341786520
012835764
016537428
314607825
752803416
486503217
284615037
420658317
053871462
861502734
826475013
682143570
038614725
724816350
016783524
180437265
038451762
430652781
387524610
518306742
746832051
580746123
172356048
380561274
758136420
640823571
274613058
386102475
710438652
728413065
213507864
482706135
685721430
453806217
142706583
460521837
473805216
721643058
427351860
083276451
582413067
273501468
862403517
345801627
467285130
036817254
460125387
871524360
530412687
032876451
342165087
862174350
235678410
483502176
086273415
086132574
052718643
071842356
438715260
541372086
237406581
864513270
358104672
472506381
360214785
360457182
156732084
280346157
375401862
016238574
278104365
753206148
417826350
826307154
761308524
214378065
867325041
174308562
546831720
612507348
261483057
045716283
063548271
235601487
051627483
420875613
130562478
268137540
150847362
824673150
476801325
426801735
346827051
084627531
758403162
035672184
847563120
251804736
541736082
873602541
687135240
064718235
247301865
317205846
580712634
016482537
816204537
230468517
634718520
072315468
085674213
480271536
627431580
785601324
584701623
510867423
836251074
348506271
746201385
173548026
782315460
238504617
537602184
185263470
241865730
641357280
258317064
270568341
025473861
026147385
061382475
632701584
218467035
860437521
163527840
157836042
865207314
065832147
738102456
178364250
236104857
032764581
168725340
630152784
038624517
162704385
651703824
786451023
154837062
824605371
641385270
517802643
876435120
625307184
236781045
350846721
487105263
610842537
036578412
014625873
470618523
038254176
283741056
750186234
815473620
327148056
627401385
365782041
814302576
756803214
518472063
731685420
342675810
061732854
163548720
465803172
678541032
342701586
260475183
062538147
138204576
048263175
856104372
637548021
562183740
213604578
348126750
463518027
580763241
063785142
135678240
721385460
230184765
260874153
476208315
741306852
153847026
146578023
352801647
542601387
580471236
543701628
380271564
340518726
847326051
437506281
873465210
286305417
325107846
072534186
052381647
248173560
145862073
618524073
061843572
732486015
248103657
864135270
760543821
045321786
538164072
051632487
628405713
860753412
863274150
583206471
175628034
562417083
416203758
068721453
074638521
124836750
685123047
743125068
684357021
862154073
736821450
087452631
417605832
425168370
713502846
628154730
874306251
543702168
071254368
684237510
748506213
563184072
024375861
614738250
478612350
846107523
247603158
078563421
327601548
715302864
768203415
284713056
512304687
840652317
342875160
025748136
638402715
031657824
286304715
128746530
654301728
325607148
486352071
871245036
012648357
852367140
635142078
864527013
413702685
360172584
120436875
127403856
351478620
124857063
046531728
361508472
278436510
756403128
760583241
013752684
086571324
720168345
486271035
243157680
145608372
462135870
037128465
752106483
482507361
564812370
765408231
317584620
754302861
521604387
035168742
410673285
364782015
375106842
450781326
473168520
084236175
670534821
134287560
675214083
026517384
823705614
068541732
175602348
064573182
720415638
437582160
078425631
263704185
730485162
836105247
465273810
561782430
485306172
780342156
062317458
614238570
147308526
657408231
136702845
620571843
081567243
587146230
478206513
316258740
463278510
834206751
857304216
485201673
140683527
531408762
241863570
263504817
271845630
071238456
178503426
016453782
720834165
120378465
518702346
084271563
257863041
310462857
032584176
023158764
210854367
184706352
058413762
183254760
827601453
670821435
410837526
485176023
410823576
872503641
486275013
340256178
816345072
360274158
024857136
024657183
765102483
437802516
286105347
536402187
764205813
728605413
876302145
650147823
182304657
578403612
128653074
765204318
850731642
520413786
527408316
041675823
263814750
657802314
368407152
532467810
046372581
047365281
136807245
180675342
127803654
042738651
380176524
530467182
160254378
730652418
516483270
358417062
647205813
173845620
018745623
318672045
346208715
187506234
172843650
317608425
470853162
185706324
260158437
270564318
745638012
615803724
864205731
467102583
130472856
832401756
275138460
380625471
637814052
782106543
430218567
714203586
341625087
871345062
267351840
254137680
036728541
516403728
468302715
082456731
571203684
651803274
863751240
324108675
147358620
472561380
745682130
432706581
546207813
470312658
420831576
061372458
247503618
781203465
510428673
058146273
784103652
840613572
240673851
517638042
014873265
160783524
526107438
287156043
863504271
462583710
417502836
265401873
640721583
518274360
048356127
657421038
734812065
413208567
521346078
481675230
610357842
683201475
856723140
873204156
460275381
736402581
031746825
647382051
160254783
687501432
276103854
876304215
548637120
035761842
387412560
071254836
721836045
823601475
532184076
481507263
641702583
671208453
241507863
460357281
410573826
438201756
218406357
812463075
076425813
057128643
537246180
865273014
240367851
063812475
653704218
627803145
821307564
021634758
378601254
647831052
425106783
286704135
712306548
837602514
230471865
571342680
187263540
514783260
748206531
721546038
027451386
867524310
285134760
041857236
746102358
456801237
517804632
863425710
013827564
246357018
415208637
384102765
816402735
082634517
065382741
056487213
382506471
615308742
632508714
042831765
481627530
350278641
520347681
658374012
017453628
527104638
827561340
873105624
315802647
456738021
467123580
160473852
570386421
863175240
730865214
643815270
145703862
751402638
047381265
076541283
460752813
017856243
734106852
564312078
876253140
650834217
028463715
154726038
217506348
340172685
130862574
345201867
253806147
025463178
056348127
048672153
430568217
815426370
083754126
037548612
846712530
051268347
350781246
517803462
751406283
375406182
541602783
710386254
417603825
073241586
843706512
268517034
761534820
713408625
863712054
851704362
154632087
480137256
476503128
147208635
027341865
652403817
764802351
483267051
430865127
853261074
480267315
176485320
876405132
768104325
285104736
531602487
167382054
126574830
718204653
138546072
038457126
643702185
652734180
532804761
048563271
763105482
624817530
245103678
473851062
056782413
341706825
367108245
580643127
348105276
546713082
432715068
347206815
851207643
630847251
051732846
320647581
871206543
036247185
645307812
456237810
327601548
865302714
014376852
620185743
364701582
074326518
624108573
730215864
720364185
354801267
034182576
128375046
730261854
283504716
572108634
683702541
170634258
873105624
287631045
832701546
380174256
078534162
320571864
470126538
241806357
670182435
125476830
125843067
674502813
487163052
421538670
280436751
152704683
265801437
863714025
640382571
418506732
470326158
834201657
082531476
234108765
071354862
430285167
175302468
720861354
031784256
832401756
432807615
510726438
513482067
761504283
168735042
475681230
268107453
021378456
127853640
570328614
173405286
610348275
074251863
517682430
756208143
430182756
520347816
068137452
564701328
734685021
216305847
621854370
128675034
320748615
285701643
318507264
253106874
425308761
758604213
435807621
538461270
528601347
760354218
860524137
126708534
038176452
710634285
762183450
021873465
870653142
674851320
164357280
523401786
354108762
251307648
781305246
485612037
850127643
625703481
572314068
278405361
278365014
054372816
654738012
253106874
456382017
513874026
573206184
375206148
352107648
078436152
034267581
148706532
712805643
480763152
721405683
657801342
056371482
254167083
816247053
731862045
061374285
178425360
835401276
350674281
072385641
578403612
381742056
317254680
325801674
635408271
081547623
452136780
180253764
087642153
186507324
210374865
641308527
063215478
642305817
365804271
124867350
612305874
624705381
371205486
261503847
153402867
827341056
630584172
875362014
726851430
673508142
457602318
130786425
037641258
210684735
834107265
470158623
026145378
780512643
043528716
768423150
038742651
160538724
475632018
346107582
560821437
062485317
835604271
570138246
746801523
184603752
367125048
378246051
168402357
564137280
835146720
631204785
015432876
820613754
183702564
748105632
580612437
384107256
362104578
628105473
135862470
431507862
475103862
470362185
156873042
612735480
863547012
615203748
130684725
432106857
035186247
821407536
438572610
875602314
167203854
624501738
871645023
347201568
254801637
048326751
273406185
637418250
271304586
725401386
235486017
671254380
082634751
438712650
425106837
065318274
075614832
061785324
137425860
475203816
760241853
714603528
378406512
415608273
748106235
643182570
160387425
638405721
041875632
321475680
721465038
132876540
658124370
735146280
458276013
730461258
850437261
147632850
678402513
120345687
654108372
384201567
384617025
023418657
145623087
012538746
865307241
750321468
674103528
810754623
543708261
831604572
746358012
612538047
063874215
746321850
524837061
267508341
061785324
068432715
548701326
073426581
157602384
312708654
350782641
086245713
026587134
423507618
736104582
517324068
682517034
281305476
650387214
052671348
260475831
430756812
624357180
472138056
387501642
412876530
186502473
786401253
257406183
687123540
310567842
267348015
430718652
315408762
128607345
568304712
827365014
842657310
231857460
738261045
310654728
043678152
245183760
324706815
342805176
064837521
710456283
613547820
280643517
548301627
653407812
051783246
814305267
042815376
032157864
321807465
213874065
287136054
850461723
860514732
387205641
120635874
156708432
614327580
421507836
820317465
620531748
265407831
634128570
518406237
362704581
063784251
048367512
470156832
526803471
470825163
786504132
784251063
725618034
018273546
140753682
170326548
560243871
314658720
564108273
314265870
036721584
368701452
270365841
213465087
540861372
761203458
830651274
538706142
134805672
172506483
356842017
748301526
043157286
037485261
354718062
687542310
374186052
831506472
243701856
054768312
210653874
073152648
710428563
562187043
847601523
781435062
035867142
046725183
675108234
571368420
825763140
746503821
420375681
862574013
562438710
078251436
042786135
781523460
472813056
680341257
370521684
540237168
023548176
561842730
348105276
348102756
765423810
635702841
074862513
027568341
753614820
810274653
852304617
214735068
140632587
021548367
651743280
074358162
072534861
543207618
328174560
570248136
348502617
450162873
153684072
547832061
510768324
236107584
783106245
134608572
523604178
283764051
830746512
270438516
435601782
574301862
517248360
650124738
370658241
872401536
625807314
341875062
823651740
314276085
364758120
561784320
826507143
265781043
687543012
125783640
560237841
358701642
761304825
876301542
275346810
015247386
057864312
625874310
610245783
260371458
817302456
031725846
413507682
265301784
815267043
167405328
520134786
173204586
760285134
576128340
461807325
038724615
481703265
483715062
127306485
052871364
350672841
620481753
871523064
061573842
150342867
386205147
650871324
364718250
481602537
810726453
572814360
386407251
513248067
867241530
736501248
021387546
257618034
421503678
652701348
840162357
640215387
016843275
138567420
720438615
861427053
238715640
730164285
618407235
620851743
160547382
520143768
215703864
650741328
825104376
286547310
047356821
380461572
416708253
053246178
256807431
017528634
184607325
083217645
248607531
285604713
485123760
861547023
362701485
561427380
582407316
524107368
023417856
314507628
612507834
870354216
278641350
071862534
245607381
734801526
624153780
210365874
038417625
650748312
834261750
418305627
073648125
026178534
610274583
358601724
073214568
648701235
145368720
470651382
420873165
170536482
042156873
021674538
715632048
024367185
071824653
357184260
086312754
018265347
021876453
860734251
742503168
063821457
371284650
062578134
643275810
834567120
561284073
570461823
513287640
638541027
573461280
263507418
134625870
765483012
250348671
680217453
174623850
265107384
826175340
137206584
085231746
052137468
715803264
280714563
235876014
380751264
034267581
352486017
072381546
875402361
816205734
048632175
064517238
870341625
714562083
047523168
670348125
640853217
312708465
570182346
761308524
037426851
168702345
351807264
170685243
458123067
057184236
831724056
256701384
840327165
134785026
056248173
684305721
643517280
067518342
375104268
378602451
645307281
032157648
074521836
268503417
180764352
270463518
057214368
126305874
754208613
026143587
017845263
284561370
138204765
785146320
841503672
385462071
820764513
513706428
745608132
738162054
475362810
738521460
518307246
540836721
071528643
423765018
265841730
236415087
837605124
582406371
348726510
851604732
217435860
826314570
062543871
365418270
041328756
453602178
810476253
762534018
174502368
816307452
682574310
165204873
461872530
610825374
470361825
017385264
517302468
042167538
870245631
045836271
643802571
530214867
672301485
170642835
318467052
761302485
048531762
183475620
857302146
176805243
316708245
167235480
827304561
423506178
532614780
437168250
710628345
148367052
580632714
630258714
681273540
035728461
530417862
543702168
410278356
053782614
285436071
815462730
421367085
647328015
012437685
846237051
038276541
253801674
248753160
360815724
365128470
713826045
681524037
367412850
743825160
637104528
637518042
862307451
385674012
231406857
067342158
642301587
721306845
025186374
850271364
856203471
287641530
862703541
136587240
675804312
156204837
028631754
418726530
721304685
025871634
314706528
046527813
143672058
046851723
431876520
084137652
017486532
627384150
654721830
564207831
423687051
785106342
185407263
340271586
164203758
037268541
381207456
862704513
152608437
086237514
410768235
350164287
810457326
320168475
871635042
483512670
347601582
061742358
378104256
472301586
764208153
721304856
317285640
432861075
348567120
630125874
240138765
174352680
753142068
876102543
436708215
824607315
085764231
728531064
216835047
025348167
285473061
680713245
510763842
354167028
256703148
680157234
453706281
830721456
745603128
578602413
146753280
560472381
674385210
510372864
750628314
150276843
514208367
385264170
054281637
578246130
643157820
185672340
540172386
651342780
018756423
872304516
052846173
874125360
865734021
625378410
270431568
032486517
054283716
735204816
286143075
476501382
450712863
061783254
726401835
851427036
564301782
046582371
164308527
762451083
256784130
547801236
250741386
846371250
265348071
748536012
531678042
846705312
823701564
128307654
416287035
438205617
764105283
147508236
628714053
612584370
160784325
513704268
841502637
486102573
764215830
243716850
182405763
680541732
631204578
123875640
470168253
075862314
763812045
274103586
520167483
514608372
587642130
347208651
380412657
145326078
780362451
731485026
583476012
784215360
843216075
126307845
823651074
235406187
314208765
412507863
854273160
315802647
381406572
326501487
317685420
418327056
082657143
825406137
714605823
214305768
450328176
032685741
046287351
062471358
562804137
130864275
276501483
784156023
864501327
573824160
430821567
147503268
214608735
278406153
042651783
327104685
475863210
130247685
836407215
745286031
854302716
147235086
876203541
027841563
567803214
170285463
546307218
780146523
716482350
045781326
037158642
245106873
047231658
567413082
024831567
382607514
583126470
643801752
326417085
152604873
065872413
184502637
072631548
067825134
067582413
415203867
431856270
031685472
873402516
436502817
610587342
274365081
084157236
638517240
185203674
786504213
480152736
718305642
720864153
378201645
382607514
251806374
420516837
843107256
321485760
156802437
645813072
120546387
041867532
815246073
316285047
430567281
854301627
720365481
456382017
461203785
657842130
628735410
510328647
546217083
540216783
246308517
145702368
843206157
825374061
562108374
853421076
137256048
820146735
860234715
046853712
643705812
810425376
137456082
321458670
068574132
623701854
460817352
750168432
132408765
615284730
375681420
562104738
576418032
351864072
738605421
620453781
542801376
560283174
462158037
270581463
824103657
156403827
031548276
056281734
617325480
871302546
014536872
057842316
157806432
842503617
482605371
056238471
381604752
053168724
720834165
435821076
730428651
835172460
483657021
340726815
438602517
374581062
764208315
436851720
518376240
348207615
426135078
670418325
123608745
073816542
360824715
483205671
738605214
540638127
087125634
048213765
836127045
087456213
216508734
720158364
085137246
837264015
268341750
852701364
635104782
450716328
314587260
063872145
710638254
513486720
756301284
421507368
074531286
527608341
634701852
863201574
375416280
328516047
271605483
374561280
426358017
627851340
176805432
325106874
431267058
073568241
528401376
385462710
486102735
482105367
073458612
362715048
065872134
753804162
342178560
327406518
652801374
013768245
865437012
068157423
216308457
760132854
425106378
031542678
283567041
350641287
237604851
728634051
173845620
526107843
173852064
073642581
352708416
071835264
128703456
138654072
076143285
240715386
735206841
547603821
142568730
168532047
580431267
638504127
874305621
361287450
745208316
610483752
348201576
321574086
350174268
026857314
025167438
570438261
017534286
324105768
583401627
513708246
310245768
087451623
536724081
148356072
018347256
756201483
378215064
752108643
435701628
340758126
087635124
063257841
584216037
018723645
175402386
827654310
281547063
820764513
387401625
146523780
312678054
471306825
782156340
643217850
647832015
260713845
540123867
018672354
847201365
154702638
621704385
714203586
254167083
582104376
785421063
427518630
271356840
627804531
427306158
016387425
860153427
527603814
054267183
852613047
048231675
057234618
876403125
438657120
281735064
063142587
087352614
540738621
457806123
641302578
670521834
643281075
260354178
265473180
174305682
586314270
216304758
127403685
387501264
035762148
528301467
072356184
031847562
541206738
215673048
710236854
560731284
673201845
152308476
261407853
283756410
746185320
648531072
417526830
287403156
087163425
256703481
348502761
354182076
273104568
213647850
783201564
830572461
524861370
835421067
641503782
470561283
368514027
371648250
136208457
548602317
058346721
610243758
027143856
765201843
260813547
782506413
452361780
725306814
563721840
542108673
678325410
